chr1	156752000	156753000	chr1	156768000	156769000	1	0.0868165
chr1	156752000	156753000	chr1	156810000	156811000	1	
chr1	156753000	156754000	chr1	156753000	156754000	2	0.27498
chr1	156753000	156754000	chr1	156793000	156794000	1	0.105327
chr1	156754000	156755000	chr1	156754000	156755000	1	0.0969797
chr1	156754000	156755000	chr1	156842000	156843000	1	
chr1	156754000	156755000	chr1	156866000	156867000	1	0.0938252
chr1	156755000	156756000	chr1	156755000	156756000	1	0.163136
chr1	156756000	156757000	chr1	156781000	156782000	1	0.141585
chr1	156756000	156757000	chr1	156881000	156882000	1	0.136989
chr1	156758000	156759000	chr1	156811000	156812000	1	0.0630923
chr1	156758000	156759000	chr1	156818000	156819000	1	0.12421
chr1	156759000	156760000	chr1	156810000	156811000	1	
chr1	156761000	156762000	chr1	156762000	156763000	1	
chr1	156761000	156762000	chr1	156782000	156783000	1	
chr1	156762000	156763000	chr1	156762000	156763000	1	0.0133065
chr1	156762000	156763000	chr1	156764000	156765000	1	0.0295168
chr1	156762000	156763000	chr1	156768000	156769000	1	0.0339974
chr1	156762000	156763000	chr1	156778000	156779000	1	0.0201387
chr1	156762000	156763000	chr1	156793000	156794000	1	0.032767
chr1	156762000	156763000	chr1	156798000	156799000	1	
chr1	156763000	156764000	chr1	156765000	156766000	1	0.103206
chr1	156763000	156764000	chr1	156799000	156800000	1	0.0817086
chr1	156764000	156765000	chr1	156783000	156784000	1	0.0738368
chr1	156764000	156765000	chr1	156835000	156836000	1	0.0633448
chr1	156764000	156765000	chr1	156850000	156851000	1	0.07899
chr1	156765000	156766000	chr1	156765000	156766000	1	0.0846906
chr1	156765000	156766000	chr1	156766000	156767000	1	
chr1	156765000	156766000	chr1	156850000	156851000	1	0.0898362
chr1	156767000	156768000	chr1	156768000	156769000	1	
chr1	156767000	156768000	chr1	156833000	156834000	1	
chr1	156768000	156769000	chr1	156768000	156769000	1	0.0868618
chr1	156768000	156769000	chr1	156864000	156865000	1	0.0936427
chr1	156769000	156770000	chr1	156775000	156776000	1	
chr1	156769000	156770000	chr1	156778000	156779000	1	0.0899289
chr1	156769000	156770000	chr1	156815000	156816000	1	0.0749611
chr1	156770000	156771000	chr1	156770000	156771000	1	0.113147
chr1	156770000	156771000	chr1	156771000	156772000	1	0.0908092
chr1	156771000	156772000	chr1	156773000	156774000	1	0.100632
chr1	156771000	156772000	chr1	156830000	156831000	1	0.0635654
chr1	156771000	156772000	chr1	156837000	156838000	1	0.0640887
chr1	156772000	156773000	chr1	156779000	156780000	1	
chr1	156773000	156774000	chr1	156773000	156774000	1	0.13895
chr1	156773000	156774000	chr1	156786000	156787000	1	0.10094
chr1	156774000	156775000	chr1	156774000	156775000	1	
chr1	156774000	156775000	chr1	156781000	156782000	1	
chr1	156775000	156776000	chr1	156775000	156776000	2	
chr1	156776000	156777000	chr1	156778000	156779000	1	0.0554404
chr1	156776000	156777000	chr1	156852000	156853000	1	
chr1	156776000	156777000	chr1	156869000	156870000	1	0.057404
chr1	156776000	156777000	chr1	156883000	156884000	1	
chr1	156777000	156778000	chr1	156778000	156779000	2	0.0849459
chr1	156777000	156778000	chr1	156851000	156852000	1	0.0526744
chr1	156778000	156779000	chr1	156779000	156780000	1	0.0717811
chr1	156778000	156779000	chr1	156811000	156812000	1	0.0244265
chr1	156778000	156779000	chr1	156844000	156845000	1	0.10931
chr1	156780000	156781000	chr1	156780000	156781000	1	0.120499
chr1	156780000	156781000	chr1	156783000	156784000	1	0.100167
chr1	156780000	156781000	chr1	156786000	156787000	1	0.0939994
chr1	156781000	156782000	chr1	156781000	156782000	1	0.179979
chr1	156782000	156783000	chr1	156782000	156783000	2	0.37704
chr1	156782000	156783000	chr1	156866000	156867000	1	0.130815
chr1	156782000	156783000	chr1	156884000	156885000	1	0.143002
chr1	156783000	156784000	chr1	156783000	156784000	1	0.0832664
chr1	156784000	156785000	chr1	156784000	156785000	2	0.0637946
chr1	156784000	156785000	chr1	156785000	156786000	1	0.0518299
chr1	156784000	156785000	chr1	156838000	156839000	1	0.0572652
chr1	156784000	156785000	chr1	156848000	156849000	1	0.0914919
chr1	156784000	156785000	chr1	156882000	156883000	1	
chr1	156785000	156786000	chr1	156785000	156786000	1	0.0842182
chr1	156785000	156786000	chr1	156786000	156787000	2	0.157169
chr1	156785000	156786000	chr1	156790000	156791000	1	0.0853047
chr1	156786000	156787000	chr1	156786000	156787000	1	0.0733273
chr1	156786000	156787000	chr1	156822000	156823000	1	0.10869
chr1	156787000	156788000	chr1	156788000	156789000	1	
chr1	156787000	156788000	chr1	156790000	156791000	1	0.117492
chr1	156787000	156788000	chr1	156834000	156835000	1	0.100466
chr1	156789000	156790000	chr1	156796000	156797000	1	0.108951
chr1	156790000	156791000	chr1	156790000	156791000	1	0.0864052
chr1	156791000	156792000	chr1	156802000	156803000	1	
chr1	156791000	156792000	chr1	156806000	156807000	1	
chr1	156791000	156792000	chr1	156825000	156826000	1	
chr1	156792000	156793000	chr1	156792000	156793000	1	0.0633357
chr1	156792000	156793000	chr1	156793000	156794000	1	0.0714874
chr1	156792000	156793000	chr1	156794000	156795000	1	
chr1	156793000	156794000	chr1	156793000	156794000	1	0.0806883
chr1	156795000	156796000	chr1	156799000	156800000	1	0.0599394
chr1	156795000	156796000	chr1	156802000	156803000	1	0.0490814
chr1	156795000	156796000	chr1	156837000	156838000	1	0.0617595
chr1	156796000	156797000	chr1	156858000	156859000	1	0.114704
chr1	156797000	156798000	chr1	156804000	156805000	1	0.0752992
chr1	156797000	156798000	chr1	156861000	156862000	1	0.0409308
chr1	156797000	156798000	chr1	156866000	156867000	1	0.0767197
chr1	156800000	156801000	chr1	156801000	156802000	1	0.0406663
chr1	156801000	156802000	chr1	156824000	156825000	1	0.0627423
chr1	156801000	156802000	chr1	156829000	156830000	2	0.124438
chr1	156801000	156802000	chr1	156830000	156831000	1	0.0472245
chr1	156802000	156803000	chr1	156846000	156847000	1	0.092552
chr1	156804000	156805000	chr1	156849000	156850000	1	0.0564598
chr1	156804000	156805000	chr1	156875000	156876000	1	0.0599392
chr1	156806000	156807000	chr1	156813000	156814000	1	
chr1	156807000	156808000	chr1	156822000	156823000	1	0.185115
chr1	156808000	156809000	chr1	156809000	156810000	1	
chr1	156810000	156811000	chr1	156810000	156811000	1	
chr1	156810000	156811000	chr1	156824000	156825000	1	
chr1	156810000	156811000	chr1	156848000	156849000	1	
chr1	156812000	156813000	chr1	156812000	156813000	2	0.0506375
chr1	156812000	156813000	chr1	156813000	156814000	1	0.098295
chr1	156812000	156813000	chr1	156862000	156863000	1	0.0491972
chr1	156812000	156813000	chr1	156876000	156877000	1	0.0452739
chr1	156813000	156814000	chr1	156861000	156862000	1	0.0992963
chr1	156814000	156815000	chr1	156837000	156838000	1	
chr1	156815000	156816000	chr1	156818000	156819000	1	0.0400847
chr1	156815000	156816000	chr1	156832000	156833000	1	0.0515788
chr1	156815000	156816000	chr1	156843000	156844000	1	
chr1	156817000	156818000	chr1	156817000	156818000	1	
chr1	156817000	156818000	chr1	156851000	156852000	1	
chr1	156817000	156818000	chr1	156859000	156860000	1	
chr1	156818000	156819000	chr1	156818000	156819000	1	0.0758721
chr1	156818000	156819000	chr1	156822000	156823000	1	0.11056
chr1	156819000	156820000	chr1	156835000	156836000	1	0.114571
chr1	156819000	156820000	chr1	156859000	156860000	1	
chr1	156820000	156821000	chr1	156851000	156852000	1	0.0819403
chr1	156821000	156822000	chr1	156847000	156848000	1	
chr1	156825000	156826000	chr1	156825000	156826000	1	0.0844649
chr1	156826000	156827000	chr1	156835000	156836000	1	0.0723818
chr1	156827000	156828000	chr1	156833000	156834000	1	0.0785762
chr1	156829000	156830000	chr1	156830000	156831000	1	0.0730437
chr1	156830000	156831000	chr1	156853000	156854000	1	0.0515221
chr1	156830000	156831000	chr1	156873000	156874000	1	0.124258
chr1	156831000	156832000	chr1	156831000	156832000	1	0.118918
chr1	156831000	156832000	chr1	156852000	156853000	1	
chr1	156831000	156832000	chr1	156883000	156884000	1	
chr1	156832000	156833000	chr1	156833000	156834000	1	0.143291
chr1	156832000	156833000	chr1	156878000	156879000	1	0.0834817
chr1	156833000	156834000	chr1	156859000	156860000	1	
chr1	156834000	156835000	chr1	156834000	156835000	1	0.0631769
chr1	156834000	156835000	chr1	156845000	156846000	1	0.0584809
chr1	156834000	156835000	chr1	156869000	156870000	1	0.0454355
chr1	156834000	156835000	chr1	156884000	156885000	1	0.0827834
chr1	156835000	156836000	chr1	156835000	156836000	1	0.0612838
chr1	156835000	156836000	chr1	156841000	156842000	1	0.0821244
chr1	156838000	156839000	chr1	156838000	156839000	1	0.102808
chr1	156838000	156839000	chr1	156868000	156869000	1	0.0666246
chr1	156839000	156840000	chr1	156839000	156840000	1	0.0987913
chr1	156840000	156841000	chr1	156854000	156855000	1	0.118018
chr1	156843000	156844000	chr1	156844000	156845000	1	
chr1	156844000	156845000	chr1	156850000	156851000	1	0.193284
chr1	156844000	156845000	chr1	156868000	156869000	1	0.130101
chr1	156845000	156846000	chr1	156845000	156846000	1	0.0541339
chr1	156845000	156846000	chr1	156846000	156847000	1	0.114139
chr1	156845000	156846000	chr1	156847000	156848000	1	0.0889034
chr1	156845000	156846000	chr1	156848000	156849000	1	0.11919
chr1	156845000	156846000	chr1	156854000	156855000	1	0.066796
chr1	156846000	156847000	chr1	156861000	156862000	1	0.0788535
chr1	156847000	156848000	chr1	156853000	156854000	1	0.083611
chr1	156847000	156848000	chr1	156854000	156855000	1	0.109698
chr1	156849000	156850000	chr1	156850000	156851000	1	0.0589401
chr1	156849000	156850000	chr1	156866000	156867000	1	0.0575249
chr1	156851000	156852000	chr1	156851000	156852000	1	0.0468787
chr1	156851000	156852000	chr1	156857000	156858000	1	0.061979
chr1	156855000	156856000	chr1	156859000	156860000	1	
chr1	156856000	156857000	chr1	156856000	156857000	1	
chr1	156857000	156858000	chr1	156857000	156858000	1	0.0819434
chr1	156861000	156862000	chr1	156862000	156863000	1	0.0496983
chr1	156864000	156865000	chr1	156868000	156869000	1	0.0660208
chr1	156865000	156866000	chr1	156865000	156866000	1	0.0783645
chr1	156865000	156866000	chr1	156877000	156878000	1	0.12588
chr1	156866000	156867000	chr1	156866000	156867000	1	0.0907733
chr1	156867000	156868000	chr1	156867000	156868000	1	
chr1	156868000	156869000	chr1	156871000	156872000	1	0.0471919
chr1	156869000	156870000	chr1	156875000	156876000	1	0.0366408
chr1	156870000	156871000	chr1	156870000	156871000	1	0.0457286
chr1	156872000	156873000	chr1	156878000	156879000	1	
chr1	156873000	156874000	chr1	156873000	156874000	1	0.278496
chr1	156875000	156876000	chr1	156875000	156876000	1	0.0410863
chr1	156875000	156876000	chr1	156876000	156877000	1	0.0576734
chr1	156875000	156876000	chr1	156884000	156885000	1	0.0667595
chr1	156876000	156877000	chr1	156876000	156877000	1	0.080957
chr1	156877000	156878000	chr1	156877000	156878000	1	0.202206
chr1	156877000	156878000	chr1	156879000	156880000	1	
chr1	156879000	156880000	chr1	156879000	156880000	1	
chr1	156880000	156881000	chr1	156880000	156881000	1	
chr1	156883000	156884000	chr1	156884000	156885000	1	
chr1	156884000	156885000	chr1	156884000	156885000	1	0.108475
